   0.00000000    
  -1.20527821E-03
  -2.44290056E-03
  -3.74607928E-03
  -5.14978543E-03
  -6.69168821E-03
  -8.41316488E-03
  -1.03604132E-02
  -1.25856865E-02
  -1.51487030E-02
  -1.81182399E-02
  -2.15739887E-02
  -2.56086830E-02
  -3.03305965E-02
  -3.58664468E-02
  -4.23647836E-02
  -5.00000007E-02
   2.31976970E-03
   1.00442057E-03
  -5.84473193E-04
  -2.08663940E-03
  -3.59182060E-03
  -5.19138481E-03
  -6.95031974E-03
  -8.92503094E-03
  -1.11730481E-02
  -1.37577448E-02
  -1.67514887E-02
  -2.02386733E-02
  -2.43194886E-02
  -2.91157309E-02
  -3.47823687E-02
  -4.15328667E-02
  -4.94847670E-02
   6.64991140E-03
   5.50245633E-03
   4.06187307E-03
   2.53905146E-03
   9.21524595E-04
  -8.17052380E-04
  -2.71284184E-03
  -4.81352909E-03
  -7.17739295E-03
  -9.87268146E-03
  -1.29788397E-02
  -1.65898334E-02
  -2.08199248E-02
  -2.58135851E-02
  -3.17633860E-02
  -3.89232375E-02
  -4.71386015E-02
   1.46050658E-02
   1.34064332E-02
   1.19516663E-02
   1.04141189E-02
   8.76580086E-03
   6.96720276E-03
   4.97567700E-03
   2.74448819E-03
   2.20622402E-04
  -2.65838229E-03
  -5.96850645E-03
  -9.80426371E-03
  -1.42853595E-02
  -1.95667055E-02
  -2.58537233E-02
  -3.33966166E-02
  -4.18078676E-02
   2.88016014E-02
   2.74505131E-02
   2.58738343E-02
   2.42078491E-02
   2.24198811E-02
   2.04671044E-02
   1.83029156E-02
   1.58760604E-02
   1.31290769E-02
   9.99609381E-03
   6.39974605E-03
   2.24679569E-03
  -2.57793465E-03
  -8.21964256E-03
  -1.48619125E-02
  -2.26981994E-02
  -3.11958045E-02
   5.28706051E-02
   5.12401275E-02
   4.94185798E-02
   4.74916436E-02
   4.54204939E-02
   4.31587882E-02
   4.06567827E-02
   3.78606096E-02
   3.47110406E-02
   3.11417729E-02
   2.70770732E-02
   2.24286783E-02
   1.70916952E-02
   1.09394956E-02
   3.81831848E-03
  -4.42978786E-03
  -1.30922254E-02
   9.03371200E-02
   8.82436335E-02
   8.59892294E-02
   8.35978538E-02
   8.10227990E-02
   7.82133192E-02
   7.51163363E-02
   7.16761649E-02
   6.78338408E-02
   6.35261014E-02
   5.86838126E-02
   5.32299355E-02
   4.70769443E-02
   4.01238613E-02
   3.22549716E-02
   2.33807378E-02
   1.43987741E-02
  0.141550913    
  0.138799563    
  0.135904551    
  0.132817522    
  0.129483998    
  0.125850275    
  0.121862426    
  0.117466725    
  0.112609796    
  0.107238211    
  0.101297662    
   9.47316363E-02
   8.74797553E-02
   7.94760883E-02
   7.06500486E-02
   6.09817319E-02
   5.16124256E-02
  0.200393334    
  0.196942315    
  0.193379238    
  0.189548254    
  0.185389683    
  0.180851981    
  0.175886720    
  0.170449764    
  0.164502144    
  0.158010110    
  0.150944635    
  0.143280163    
  0.134993136    
  0.126060188    
  0.116458438    
  0.106217436    
   9.65381041E-02
  0.255901754    
  0.251976997    
  0.248043790    
  0.243773118    
  0.239101708    
  0.233984441    
  0.228383362    
  0.222269356    
  0.215623677    
  0.208438486    
  0.200716332    
  0.192468807    
  0.183714703    
  0.174477786    
  0.164786443    
  0.154710174    
  0.145159677    
  0.299334615    
  0.295315802    
  0.291491777    
  0.287301928    
  0.282674760    
  0.277567089    
  0.271947056    
  0.265797257    
  0.259117693    
  0.251927048    
  0.244262129    
  0.236176029    
  0.227735400    
  0.219017193    
  0.210105374    
  0.201087609    
  0.192205131    
  0.328609079    
  0.324883044    
  0.321631640    
  0.318007231    
  0.313910365    
  0.309293389    
  0.304133773    
  0.298432529    
  0.292215049    
  0.285531253    
  0.278455228    
  0.271083355    
  0.263532192    
  0.255935729    
  0.248440728    
  0.241147503    
  0.233338654    
  0.346410215    
  0.343886644    
  0.341348946    
  0.338299215    
  0.334732085    
  0.330644220    
  0.326038599    
  0.320935279    
  0.315377802    
  0.309436709    
  0.303211123    
  0.296828449    
  0.290442646    
  0.284231901    
  0.278390884    
  0.273004830    
  0.266319841    
  0.363637507    
  0.361911178    
  0.359359026    
  0.356481284    
  0.353242964    
  0.349602252    
  0.345542580    
  0.341078788    
  0.336258322    
  0.331162512    
  0.325906813    
  0.320638955    
  0.315533489    
  0.310780942    
  0.306558847    
  0.302823663    
  0.296981424    
  0.383743584    
  0.382356793    
  0.380195230    
  0.377717286    
  0.374917984    
  0.371785313    
  0.368320942    
  0.364550322    
  0.360529780    
  0.356350124    
  0.352135569    
  0.348037004    
  0.344215989    
  0.340817958    
  0.337927371    
  0.335340649    
  0.329979479    
  0.406727642    
  0.405628175    
  0.403856903    
  0.401814938    
  0.399504453    
  0.396923959    
  0.394087613    
  0.391032040    
  0.387821496    
  0.384549230    
  0.381332129    
  0.378295243    
  0.375546217    
  0.373145849    
  0.371078908    
  0.369061142    
  0.363919199    
  0.432386577    
  0.431527555    
  0.430104464    
  0.428459227    
  0.426598966    
  0.424527973    
  0.422265738    
  0.419852167    
  0.417349160    
  0.414837122    
  0.412402600    
  0.410117328    
  0.408015877    
  0.406085223    
  0.404267013    
  0.402301610    
  0.397158146    
  0.460285187    
  0.459592372    
  0.458414406    
  0.457050532    
  0.455511332    
  0.453803003    
  0.451944023    
  0.449967980    
  0.447921693    
  0.445856333    
  0.443812013    
  0.441802114    
  0.439809352    
  0.437801450    
  0.435750276    
  0.433489412    
  0.428253233    
  0.489761323    
  0.489119411    
  0.488004595    
  0.486717880    
  0.485271931    
  0.483669400    
  0.481921047    
  0.480046749    
  0.478070498    
  0.476009786    
  0.473864555    
  0.471615016    
  0.469235629    
  0.466722578    
  0.464117765    
  0.461390287    
  0.456089616    
  0.519975424    
  0.519211709    
  0.517901182    
  0.516413331    
  0.514752090    
  0.512911379    
  0.510894179    
  0.508709908    
  0.506367087    
  0.503864408    
  0.501186609    
  0.498310268    
  0.495213419    
  0.491896063    
  0.488431364    
  0.485020548    
  0.480053872    
  0.550000012    
  0.548919261    
  0.547248423    
  0.545359850    
  0.543251812    
  0.540924788    
  0.538387537    
  0.535652995    
  0.532730341    
  0.529619694    
  0.526309788    
  0.522786140    
  0.519012034    
  0.514927685    
  0.510423243    
  0.505427301    
  0.500000000    
  0.579687476    
  0.578436196    
  0.576319873    
  0.573963106    
  0.571370959    
  0.568536401    
  0.565466821    
  0.562178373    
  0.558688104    
  0.555008411    
  0.551144183    
  0.547092974    
  0.542839050    
  0.538346291    
  0.533552229    
  0.528425515    
  0.524307609    
  0.609375000    
  0.607927859    
  0.605401099    
  0.602569818    
  0.599477708    
  0.596126914    
  0.592526734    
  0.588695884    
  0.584658146    
  0.580437601    
  0.576055944    
  0.571531177    
  0.566877723    
  0.562108815    
  0.557249725    
  0.552442133    
  0.549314737    
  0.639062524    
  0.637425244    
  0.634559035    
  0.631340981    
  0.627830148    
  0.624039948    
  0.619987428    
  0.615697801    
  0.611203551    
  0.606541276    
  0.601750314    
  0.596872211    
  0.591953099    
  0.587049365    
  0.582241356    
  0.577719808    
  0.575013995    
  0.668749988    
  0.666950405    
  0.663804710    
  0.660273731    
  0.656424224    
  0.652276099    
  0.647854269    
  0.643192172    
  0.638331771    
  0.633322418    
  0.628219962    
  0.623086691    
  0.617993057    
  0.613020658    
  0.608268082    
  0.603918552    
  0.601395488    
  0.698437512    
  0.696506023    
  0.693137407    
  0.689359844    
  0.685244918    
  0.680816829    
  0.676106453    
  0.671154916    
  0.666013300    
  0.660742402    
  0.655411601    
  0.650098622    
  0.644888937    
  0.639874697    
  0.635154247    
  0.630892396    
  0.628446877    
  0.728124976    
  0.726090848    
  0.722552299    
  0.718589187    
  0.714276433    
  0.709640980    
  0.704718113    
  0.699555039    
  0.694210529    
  0.688754261    
  0.683265686    
  0.677832365    
  0.672547281    
  0.667504549    
  0.662796319    
  0.658571064    
  0.656152964    
  0.757812500    
  0.755702913    
  0.752043247    
  0.747950733    
  0.743502140    
  0.738726139    
  0.733661115    
  0.728358448    
  0.722882330    
  0.717308760    
  0.711723447    
  0.706219196    
  0.700891495    
  0.695832253    
  0.691126406    
  0.686910808    
  0.684495986    
  0.787500024    
  0.785340071    
  0.781603992    
  0.777433157    
  0.772905231    
  0.768049717    
  0.762906671    
  0.757529974    
  0.751986980    
  0.746357143    
  0.740729272    
  0.735197842    
  0.729857504    
  0.724796593    
  0.720093608    
  0.715877235    
  0.713455498    
  0.817187488    
  0.815000117    
  0.811228275    
  0.807025373    
  0.802469254    
  0.797589421    
  0.792426407    
  0.787034988    
  0.781483650    
  0.775852740    
  0.770231426    
  0.764713228    
  0.759390235    
  0.754346371    
  0.749654770    
  0.745438814    
  0.743008196    
  0.846875012    
  0.844681084    
  0.840910077    
  0.836716950    
  0.832178473    
  0.827323854    
  0.822193027    
  0.816840291    
  0.811333358    
  0.805751443    
  0.800181866    
  0.794715405    
  0.789440215    
  0.784435630    
  0.779770374    
  0.775563896    
  0.773128152    
  0.876562476    
  0.874381065    
  0.870643973    
  0.866497874    
  0.862018168    
  0.857232928    
  0.852180839    
  0.846914470    
  0.841499388    
  0.836011946    
  0.830536008    
  0.825158000    
  0.819961548    
  0.815021336    
  0.810402036    
  0.806219935    
  0.803786695    
  0.906250000    
  0.904098332    
  0.900424778    
  0.896359205    
  0.891974568    
  0.887297809    
  0.882365763    
  0.877228141    
  0.871947289    
  0.866595507    
  0.861251831    
  0.855997562    
  0.850910962    
  0.846061945    
  0.841511428    
  0.837372899    
  0.834952593    
  0.935937524    
  0.933831275    
  0.930247962    
  0.926292360    
  0.922035038    
  0.917501211    
  0.912725270    
  0.907753885    
  0.902644932    
  0.897465825    
  0.892289937    
  0.887192667    
  0.882246494    
  0.877516448    
  0.873059750    
  0.868986666    
  0.866591930    
  0.965624988    
  0.963578463    
  0.960109055    
  0.956289649    
  0.952187777    
  0.947826862    
  0.943238616    
  0.938465953    
  0.933562040    
  0.928588569    
  0.923612773    
  0.918703616    
  0.913927436    
  0.909344256    
  0.905007482    
  0.901023626    
  0.898668468    
  0.995312512    
  0.993338466    
  0.990004122    
  0.986343861    
  0.982421935    
  0.978259742    
  0.973886311    
  0.969340444    
  0.964670181    
  0.959931314    
  0.955184460    
  0.950491905    
  0.945913732    
  0.941504598    
  0.937313974    
  0.933444262    
  0.931143641    
   1.02499998    
   1.02311003    
   1.01992941    
   1.01644826    
   1.01272726    
   1.00878584    
   1.00465012    
   1.00035477    
  0.995942533    
  0.991463184    
  0.986970603    
  0.982520223    
  0.978165865    
  0.973956704    
  0.969938040    
  0.966207325    
  0.963976800    
   1.05468750    
   1.05289185    
   1.04988122    
   1.04659641    
   1.04309404    
   1.03939188    
   1.03551280    
   1.03148746    
   1.02735364    
   1.02315474    
   1.01893795    
   1.01475215    
   1.01064479    
   1.00665951    
   1.00283730    
  0.999270082    
  0.997125268    
   1.08437502    
   1.08268285    
   1.07985628    
   1.07678223    
   1.07351327    
   1.07006514    
   1.06645799    
   1.06271851    
   1.05887914    
   1.05497742    
   1.05105448    
   1.04715228    
   1.04331195    
   1.03957212    
   1.03596914    
   1.03258860    
   1.03054464    
   1.11406255    
   1.11248183    
   1.10985124    
   1.10699987    
   1.10397601    
   1.10079360    
   1.09747005    
   1.09402800    
   1.09049547    
   1.08690405    
   1.08328879    
   1.07968545    
   1.07612932    
   1.07265353    
   1.06929004    
   1.06611764    
   1.06418884    
   1.14374995    
   1.14228761    
   1.13986290    
   1.13724339    
   1.13447368    
   1.13156545    
   1.12853372    
   1.12539744    
   1.12217999    
   1.11890805    
   1.11561060    
   1.11231780    
   1.10905921    
   1.10586286    
   1.10275626    
   1.09981108    
   1.09801090    
   1.17343748    
   1.17209888    
   1.16988778    
   1.16750741    
   1.16499782    
   1.16236937    
   1.15963423    
   1.15680826    
   1.15391076    
   1.15096343    
   1.14799023    
   1.14501560    
   1.14206421    
   1.13915920    
   1.13632381    
   1.13362241    
   1.13196242    
   1.20312500    
   1.20191467    
   1.19992268    
   1.19778597    
   1.19554007    
   1.19319379    
   1.19075704    
   1.18824267    
   1.18566620    
   1.18304515    
   1.18039846    
   1.17774618    
   1.17510772    
   1.17250216    
   1.16994882    
   1.16750419    
   1.16599441    
   1.23281252    
   1.23173344    
   1.22996426    
   1.22807324    
   1.22609186    
   1.22402740    
   1.22188759    
   1.21968281    
   1.21742511    
   1.21512818    
   1.21280694    
   1.21047688    
   1.20815349    
   1.20585179    
   1.20358729    
   1.20140922    
   1.20005751    
   1.26250005    
   1.26155412    
   1.26000893    
   1.25836337    
   1.25664473    
   1.25485873    
   1.25301158    
   1.25111103    
   1.24916649    
   1.24718809    
   1.24518740    
   1.24317598    
   1.24116588    
   1.23916841    
   1.23719585    
   1.23529017    
   1.23410201    
   1.29218745    
   1.29137528    
   1.29005301    
   1.28865027    
   1.28718984    
   1.28567636    
   1.28411448    
   1.28250992    
   1.28086960    
   1.27920091    
   1.27751231    
   1.27581239    
   1.27410972    
   1.27241290    
   1.27073145    
   1.26909995    
   1.26807845    
   1.32187498    
   1.32119536    
   1.32009280    
   1.31892729    
   1.31771803    
   1.31646824    
   1.31518149    
   1.31386173    
   1.31251359    
   1.31114268    
   1.30975449    
   1.30835509    
   1.30695057    
   1.30554700    
   1.30415154    
   1.30279219    
   1.30193782    
   1.35156250    
   1.35101283    
   1.35012400    
   1.34918785    
   1.34821987    
   1.34722233    
   1.34619761    
   1.34514844    
   1.34407794    
   1.34298944    
   1.34188676    
   1.34077382    
   1.33965456    
   1.33853316    
   1.33741474    
   1.33632123    
   1.33563137    
   1.38125002    
   1.38082576    
   1.38014209    
   1.37942469    
   1.37868536    
   1.37792575    
   1.37714756    
   1.37635219    
   1.37554157    
   1.37471771    
   1.37388277    
   1.37303889    
   1.37218869    
   1.37133479    
   1.37048042    
   1.36964226    
   1.36911190    
   1.41093755    
   1.41063237    
   1.41014194    
   1.40962958    
   1.40910375    
   1.40856552    
   1.40801549    
   1.40745461    
   1.40688372    
   1.40630376    
   1.40571582    
   1.40512109    
   1.40452075    
   1.40391612    
   1.40330935    
   1.40271187    
   1.40233290    
   1.44062495    
   1.44042957    
   1.44011760    
   1.43979406    
   1.43946397    
   1.43912768    
   1.43878531    
   1.43843699    
   1.43808317    
   1.43772411    
   1.43736017    
   1.43699169    
   1.43661928    
   1.43624306    
   1.43586397    
   1.43548882    
   1.43524969    
   1.47031248    
   1.47021317    
   1.47006249    
   1.46990979    
   1.46975565    
   1.46959972    
   1.46944165    
   1.46928179    
   1.46911991    
   1.46895611    
   1.46879041    
   1.46862292    
   1.46845365    
   1.46828246    
   1.46810913    
   1.46793473    
   1.46781909    
   1.50000000    
   1.50000000    
   1.50000000    
   1.50000000    
   1.50000000    
   1.50000000    
   1.50000000    
   1.50000000    
   1.50000000    
   1.50000000    
   1.50000000    
   1.50000000    
   1.50000000    
   1.50000000    
   1.50000000    
   1.50000000    
   1.50000000    
