   0.00000000    
   0.00000000    
   0.00000000    
   0.00000000    
   0.00000000    
   0.00000000    
   0.00000000    
   0.00000000    
   0.00000000    
   0.00000000    
   0.00000000    
   0.00000000    
   0.00000000    
   0.00000000    
   0.00000000    
   0.00000000    
   0.00000000    
   1.33931951E-03
   2.03573774E-03
   2.38124444E-03
   2.61246297E-03
   2.80823442E-03
   2.99795042E-03
   3.19493702E-03
   3.40794306E-03
   3.64464661E-03
   3.91301280E-03
   4.22208058E-03
   4.58262069E-03
   5.00780204E-03
   5.51391812E-03
   6.12134347E-03
   6.85615884E-03
   7.74041889E-03
   3.83932772E-03
   4.72349906E-03
   5.39433816E-03
   6.02290267E-03
   6.62479782E-03
   7.21123535E-03
   7.79791223E-03
   8.40381254E-03
   9.04968381E-03
   9.75778792E-03
   1.05528468E-02
   1.14637576E-02
   1.25259589E-02
   1.37846274E-02
   1.52985118E-02
   1.71332099E-02
   1.92477293E-02
   8.43223743E-03
   9.54307988E-03
   1.04860989E-02
   1.14339534E-02
   1.24126626E-02
   1.34393638E-02
   1.45300953E-02
   1.57015622E-02
   1.69732366E-02
   1.83699634E-02
   1.99248325E-02
   2.16823351E-02
   2.37022843E-02
   2.60656066E-02
   2.88824420E-02
   3.22777107E-02
   3.59123945E-02
   1.66286100E-02
   1.80708133E-02
   1.93615034E-02
   2.06911489E-02
   2.20967159E-02
   2.36078575E-02
   2.52544079E-02
   2.70675179E-02
   2.90809236E-02
   3.13329659E-02
   3.38697582E-02
   3.67498994E-02
   4.00511324E-02
   4.38794754E-02
   4.83804084E-02
   5.37132472E-02
   5.90239801E-02
   3.05248536E-02
   3.24515738E-02
   3.42010744E-02
   3.60261239E-02
   3.79763618E-02
   4.00935151E-02
   4.24206294E-02
   4.50032614E-02
   4.78905886E-02
   5.11371195E-02
   5.48052900E-02
   5.89693412E-02
   6.37208745E-02
   6.91764727E-02
   7.54850134E-02
   8.27681944E-02
   8.97004530E-02
   5.21561541E-02
   5.47516085E-02
   5.70815802E-02
   5.95313087E-02
   6.21645451E-02
   6.50328249E-02
   6.81887716E-02
   7.16870278E-02
   7.55849555E-02
   7.99437165E-02
   8.48300308E-02
   9.03186649E-02
   9.64957476E-02
  0.103462838    
  0.111338884    
  0.120186478    
  0.128325298    
   8.17244500E-02
   8.51611570E-02
   8.81817788E-02
   9.13784206E-02
   9.48277786E-02
   9.85858142E-02
  0.102707416    
  0.107246801    
  0.112257428    
  0.117792301    
  0.123904817    
  0.130650133    
  0.138086915    
  0.146279156    
  0.155294374    
  0.165121153    
  0.174069047    
  0.115697131    
  0.120088875    
  0.123901568    
  0.127965555    
  0.132366881    
  0.137159660    
  0.142393172    
  0.148111716    
  0.154353842    
  0.161152184    
  0.168534070    
  0.176522568    
  0.185138136    
  0.194400370    
  0.204327047    
  0.214862704    
  0.224447265    
  0.147744939    
  0.153087243    
  0.157741427    
  0.162747592    
  0.168199301    
  0.174147353    
  0.180633351    
  0.187689155    
  0.195335522    
  0.203581661    
  0.212425783    
  0.221856415    
  0.231854245    
  0.242394179    
  0.253444642    
  0.264898509    
  0.275207788    
  0.172820911    
  0.178933293    
  0.184304535    
  0.190147877    
  0.196572796    
  0.203637153    
  0.211384982    
  0.219844282    
  0.229024306    
  0.238914803    
  0.249487072    
  0.260696650    
  0.272486746    
  0.284792304    
  0.297539979    
  0.310561895    
  0.321981132    
  0.189722523    
  0.196244806    
  0.201957792    
  0.208288118    
  0.215397745    
  0.223372668    
  0.232264936    
  0.242094755    
  0.252852350    
  0.264500827    
  0.276979834    
  0.290210694    
  0.304102570    
  0.318559527    
  0.333482414    
  0.348647416    
  0.361512721    
  0.200000003    
  0.206166327    
  0.211528942    
  0.218069628    
  0.225769296    
  0.234624729    
  0.244641632    
  0.255812734    
  0.268108010    
  0.281471282    
  0.295820862    
  0.311053693    
  0.327051967    
  0.343692422    
  0.360849142    
  0.378228217    
  0.392516822    
  0.200000003    
  0.208392277    
  0.215684533    
  0.223665252    
  0.232649267    
  0.242803887    
  0.254217297    
  0.266922832    
  0.280908614    
  0.296121150    
  0.312467813    
  0.329820871    
  0.348022819    
  0.366890579    
  0.386203974    
  0.405479223    
  0.420806587    
  0.200000003    
  0.209549531    
  0.218455926    
  0.228178605    
  0.238941222    
  0.250910044    
  0.264213920    
  0.278927445    
  0.295063555    
  0.312571138    
  0.331333876    
  0.351169556    
  0.371827841    
  0.392985761    
  0.414233238    
  0.434867322    
  0.450851411    
  0.200000003    
  0.210638598    
  0.221057385    
  0.232521400    
  0.245217726    
  0.259287715    
  0.274851918    
  0.291985601    
  0.310695440    
  0.330900729    
  0.352417767    
  0.374947309    
  0.398067921    
  0.421244711    
  0.443860084    
  0.465094388    
  0.481285334    
  0.200000003    
  0.211783841    
  0.223795101    
  0.237117410    
  0.251924455    
  0.268344015    
  0.286478847    
  0.306377947    
  0.328000307    
  0.351178795    
  0.375589252    
  0.400734961    
  0.425963074    
  0.450530261    
  0.473707378    
  0.494745910    
  0.510759830    
  0.200000003    
  0.213038221    
  0.226813853    
  0.242200017    
  0.259359628    
  0.278405368    
  0.299406230    
  0.322347581    
  0.347079813    
  0.373269945    
  0.400374591    
  0.427658290    
  0.454273015    
  0.479387134    
  0.502315402    
  0.522504568    
  0.538016677    
  0.200000003    
  0.214435250    
  0.230213940    
  0.247939825    
  0.267753869    
  0.289729148    
  0.313852400    
  0.339970708    
  0.367736846    
  0.396580845    
  0.425734490    
  0.454316556    
  0.481453717    
  0.506390214    
  0.528545737    
  0.547480166    
  0.562202513    
  0.200000003    
  0.215958744    
  0.233977526    
  0.254334062    
  0.277101755    
  0.302230328    
  0.329514772    
  0.358558893    
  0.388767302    
  0.419386238    
  0.449587464    
  0.478566438    
  0.505619109    
  0.530169487    
  0.551702559    
  0.569487154    
  0.582878590    
  0.200000003    
  0.217053309    
  0.236650690    
  0.258866370    
  0.283625871    
  0.310702771    
  0.339707434    
  0.370095611    
  0.401200771    
  0.432287633    
  0.462618411    
  0.491519541    
  0.518432379    
  0.542942405    
  0.564776242    
  0.583795607    
  0.600000024    
  0.200000003    
  0.217391238    
  0.237096101    
  0.259228885    
  0.283802897    
  0.310633063    
  0.339355558    
  0.369450301    
  0.400276065    
  0.431122631    
  0.461274415    
  0.490076274    
  0.516987264    
  0.541611373    
  0.563694417    
  0.583108187    
  0.600000024    
  0.200000003    
  0.217506245    
  0.237354338    
  0.259613514    
  0.284223378    
  0.310993940    
  0.339581072    
  0.369492114    
  0.400116175    
  0.430772901    
  0.460772783    
  0.489478827    
  0.516357958    
  0.541012883    
  0.563191593    
  0.582789183    
  0.600000024    
  0.200000003    
  0.217709422    
  0.237686053    
  0.260028630    
  0.284658879    
  0.311374933    
  0.339839041    
  0.369578749    
  0.400010407    
  0.430482537    
  0.460331559    
  0.488939881    
  0.515785456    
  0.540475428    
  0.562761247    
  0.582544029    
  0.600000024    
  0.200000003    
  0.217932180    
  0.238050580    
  0.260469794    
  0.285109401    
  0.311766058    
  0.340108514    
  0.369681031    
  0.399924219    
  0.430213839    
  0.459911913    
  0.488421053    
  0.515232265    
  0.539959073    
  0.562354207    
  0.582314909    
  0.600000024    
  0.200000003    
  0.218161315    
  0.238429353    
  0.260927618    
  0.285574704    
  0.312169880    
  0.340390712    
  0.369797736    
  0.399854362    
  0.429962337    
  0.459508806    
  0.487916946    
  0.514691889    
  0.539454043    
  0.561956167    
  0.582089424    
  0.600000024    
  0.200000003    
  0.218393832    
  0.238816306    
  0.261396825    
  0.286052585    
  0.312586457    
  0.340685993    
  0.369928390    
  0.399799198    
  0.429725438    
  0.459118962    
  0.487423837    
  0.514159858    
  0.538954616    
  0.561560929    
  0.581863701    
  0.600000024    
  0.200000003    
  0.218628809    
  0.239209145    
  0.261874646    
  0.286540896    
  0.313014597    
  0.340993613    
  0.370071918    
  0.399756998    
  0.429500759    
  0.458739549    
  0.486938536    
  0.513632476    
  0.538456857    
  0.561164975    
  0.581636071    
  0.600000024    
  0.200000003    
  0.218865857    
  0.239606827    
  0.262359589    
  0.287038088    
  0.313452870    
  0.341312289    
  0.370226890    
  0.399726033    
  0.429286182    
  0.458368182    
  0.486458391    
  0.513107121    
  0.537958264    
  0.560766339    
  0.581405461    
  0.600000024    
  0.200000003    
  0.219104782    
  0.240008771    
  0.262850612    
  0.287542850    
  0.313899964    
  0.341640562    
  0.370391786    
  0.399704605    
  0.429079890    
  0.458002865    
  0.485981375    
  0.512581766    
  0.537457049    
  0.560363650    
  0.581171453    
  0.600000024    
  0.200000003    
  0.219345450    
  0.240414575    
  0.263347089    
  0.288054258    
  0.314354599    
  0.341977030    
  0.370565116    
  0.399691135    
  0.428880215    
  0.457641989    
  0.485505998    
  0.512055039    
  0.536952078    
  0.559956133    
  0.580933630    
  0.600000024    
  0.200000003    
  0.219587788    
  0.240823954    
  0.263848394    
  0.288571417    
  0.314815730    
  0.342320502    
  0.370745540    
  0.399684250    
  0.428685814    
  0.457284272    
  0.485031039    
  0.511525989    
  0.536442578    
  0.559543312    
  0.580691874    
  0.600000024    
  0.200000003    
  0.219831735    
  0.241236672    
  0.264354110    
  0.289093643    
  0.315282404    
  0.342669845    
  0.370931834    
  0.399682730    
  0.428495556    
  0.456928700    
  0.484555721    
  0.510993958    
  0.535928011    
  0.559124827    
  0.580446064    
  0.600000024    
  0.200000003    
  0.220077232    
  0.241652548    
  0.264863878    
  0.289620399    
  0.315753847    
  0.343024105    
  0.371122986    
  0.399685562    
  0.428308517    
  0.456574559    
  0.484079510    
  0.510458589    
  0.535408258    
  0.558700621    
  0.580196261    
  0.600000024    
  0.200000003    
  0.220324248    
  0.242071435    
  0.265377343    
  0.290151089    
  0.316229373    
  0.343382478    
  0.371318102    
  0.399691910    
  0.428124011    
  0.456221312    
  0.483602017    
  0.509919643    
  0.534883201    
  0.558270752    
  0.579942584    
  0.600000024    
  0.200000003    
  0.220572740    
  0.242493197    
  0.265894234    
  0.290685356    
  0.316708416    
  0.343744248    
  0.371516496    
  0.399701089    
  0.427941471    
  0.455868572    
  0.483123094    
  0.509377182    
  0.534352958    
  0.557835281    
  0.579685032    
  0.600000024    
  0.200000003    
  0.220822692    
  0.242917702    
  0.266414285    
  0.291222721    
  0.317190379    
  0.344108820    
  0.371717513    
  0.399712533    
  0.427760482    
  0.455516130    
  0.482642710    
  0.508831322    
  0.533817828    
  0.557394505    
  0.579423845    
  0.600000024    
  0.200000003    
  0.221074089    
  0.243344843    
  0.266937315    
  0.291762918    
  0.317674875    
  0.344475687    
  0.371920615    
  0.399725825    
  0.427580714    
  0.455163866    
  0.482160956    
  0.508282363    
  0.533277988    
  0.556948721    
  0.579159319    
  0.600000024    
  0.200000003    
  0.221326888    
  0.243774548    
  0.267463088    
  0.292305589    
  0.318161488    
  0.344844371    
  0.372125417    
  0.399740607    
  0.427401990    
  0.454811752    
  0.481678009    
  0.507730484    
  0.532733917    
  0.556498289    
  0.578891575    
  0.600000024    
  0.200000003    
  0.221581072    
  0.244206697    
  0.267991453    
  0.292850465    
  0.318649858    
  0.345214516    
  0.372331470    
  0.399756551    
  0.427224129    
  0.454459816    
  0.481194079    
  0.507176220    
  0.532186151    
  0.556043684    
  0.578620911    
  0.600000024    
  0.200000003    
  0.221836627    
  0.244641244    
  0.268522233    
  0.293397278    
  0.319139659    
  0.345585734    
  0.372538537    
  0.399773449    
  0.427047104    
  0.454108149    
  0.480709463    
  0.506619930    
  0.531635046    
  0.555585265    
  0.578347743    
  0.600000024    
  0.200000003    
  0.222093552    
  0.245078132    
  0.269055307    
  0.293945879    
  0.319630623    
  0.345957756    
  0.372746259    
  0.399791092    
  0.426870763    
  0.453756928    
  0.480224460    
  0.506062031    
  0.531081140    
  0.555123508    
  0.578072250    
  0.600000024    
  0.200000003    
  0.222351864    
  0.245517343    
  0.269590586    
  0.294496089    
  0.320122570    
  0.346330345    
  0.372954488    
  0.399809331    
  0.426695168    
  0.453406215    
  0.479739368    
  0.505503058    
  0.530525088    
  0.554659069    
  0.577794850    
  0.600000024    
  0.200000003    
  0.222611591    
  0.245958880    
  0.270128071    
  0.295047849    
  0.320615351    
  0.346703351    
  0.373163015    
  0.399828047    
  0.426520228    
  0.453056097    
  0.479254425    
  0.504943371    
  0.529967248    
  0.554192245    
  0.577515781    
  0.600000024    
  0.200000003    
  0.222872764    
  0.246402830    
  0.270667821    
  0.295601159    
  0.321108967    
  0.347076654    
  0.373371750    
  0.399847150    
  0.426345885    
  0.452706665    
  0.478769809    
  0.504383266    
  0.529408157    
  0.553723574    
  0.577235401    
  0.600000024    
  0.200000003    
  0.223135486    
  0.246849433    
  0.271210104    
  0.296156317    
  0.321603596    
  0.347450435    
  0.373580694    
  0.399866521    
  0.426172048    
  0.452357799    
  0.478285521    
  0.503822863    
  0.528847873    
  0.553253293    
  0.576954067    
  0.600000024    
  0.200000003    
  0.223399997    
  0.247299105    
  0.271755487    
  0.296713889    
  0.322099715    
  0.347824931    
  0.373789966    
  0.399886131    
  0.425998479    
  0.452009231    
  0.477801263    
  0.503261924    
  0.528286517    
  0.552781522    
  0.576671779    
  0.600000024    
  0.200000003    
  0.223666623    
  0.247752681    
  0.272305042    
  0.297274917    
  0.322598249    
  0.348200828    
  0.373999894    
  0.399905920    
  0.425824851    
  0.451660275    
  0.477316231    
  0.502699733    
  0.527723372    
  0.552308023    
  0.576388657    
  0.600000024    
  0.200000003    
  0.223936081    
  0.248211697    
  0.272860736    
  0.297841400    
  0.323100865    
  0.348579288    
  0.374211043    
  0.399925888    
  0.425650507    
  0.451309830    
  0.476828933    
  0.502134562    
  0.527156889    
  0.551831603    
  0.576104343    
  0.600000024    
  0.200000003    
  0.224209815    
  0.248679131    
  0.273426056    
  0.298416615    
  0.323610187    
  0.348962098    
  0.374424309    
  0.399946034    
  0.425474584    
  0.450956136    
  0.476336718    
  0.501563072    
  0.526583672    
  0.551349580    
  0.575817645    
  0.600000024    
  0.200000003    
  0.224491134    
  0.249160767    
  0.274006814    
  0.299005300    
  0.324129641    
  0.349351496    
  0.374640822    
  0.399966419    
  0.425296068    
  0.450596988    
  0.475836068    
  0.500980437    
  0.525997639    
  0.550855994    
  0.575525343    
  0.600000024    
  0.200000003    
  0.224786088    
  0.249660343    
  0.274602711    
  0.299604535    
  0.324655354    
  0.349743903    
  0.374858409    
  0.399986804    
  0.425116688    
  0.450235516    
  0.475330532    
  0.500388980    
  0.525398254    
  0.550345957    
  0.575220883    
  0.600000024    
  0.200000003    
  0.224999994    
  0.250000000    
  0.275000006    
  0.300000012    
  0.324999988    
  0.349999994    
  0.375000000    
  0.400000006    
  0.425000012    
  0.449999988    
  0.474999994    
  0.500000000    
  0.524999976    
  0.550000012    
  0.574999988    
  0.600000024    
